78

4 1 2 3 4
2 8 7
2 5 6
3 9 10 11
2 5 6
2 12 13
2 12 13
2 12 13
2 15 16
2 75 76
2 12 14
2 17 18
2 19 19
2 20 21
2 20 21
2 19 19
2 19 19
2 0 -1
3 22 23 24
3 25 77 24
2 26 24
2 27 28
2 32 33
2 32 33
2 0 -1
2 31 29
2 29 30
3 34 35 36
2 0 -1
3 34 35 36
2 37 38
2 39 35
3 40 35 41
3 40 35 42
2 43 44
2 0 -1
2 45 45
2 51 52
2 0 -1
2 53 44
2 54 44
2 55 44
2 0 -1
2 56 49
2 0 -1
2 46 73
2 47 48
3 57 58 35
2 49 50
2 0 -1
2 0 -1
2 43 44
2 43 44
2 59 60
2 61 62
3 61 62 63
3 57 58 35
2 64 65
2 64 74
2 0 -1
2 0 -1
2 0 -1
3 65 69 35
3 65 69 35
2 59 60
2 66 67
1 68
1 68
2 0 -1
2 70 72
1 71
2 0 -1
2 0 -1
2 47 48
2 59 60
2 20 21
2 20 21
2 31 29